Temperature (K)	Pressure (atm)	Density (mol/l)	Volume (l/mol)	Internal Energy (kJ/mol)	Enthalpy (kJ/mol)	Entropy (J/mol*K)	Cv (J/mol*K)	Cp (J/mol*K)	Sound Spd. (m/s)	Joule-Thomson (F/atm)	Viscosity (uPa*s)	Therm. Cond. (W/m*K)	Phase
298.00	0.0000	0.0000	infinite	12.131	14.609	-1.0000e+07	27.388	35.703	448.70	undefined	11.058	0.033863	vapor
298.00	15.000	0.62984	1.5877	11.955	14.368	83.993	27.635	37.192	444.10	0.78379	11.279	0.034911	vapor
298.00	30.000	1.2934	0.77318	11.773	14.123	77.622	27.884	38.861	440.43	0.76334	11.557	0.036099	vapor
298.00	45.000	1.9912	0.50220	11.584	13.874	73.628	28.134	40.716	437.91	0.73799	11.899	0.037475	vapor
298.00	60.000	2.7228	0.36727	11.390	13.623	70.600	28.380	42.744	436.82	0.70713	12.312	0.039068	vapor
298.00	60.000	2.7228	0.36727	11.390	13.623	70.600	28.380	42.744	436.82	0.70713	12.312	0.039068	supercritical
298.00	60.000	2.7228	0.36727	11.390	13.623	70.600	28.380	42.744	436.82	0.70713	12.312	0.039068	supercritical
298.00	75.000	3.4856	0.28689	11.191	13.371	68.103	28.617	44.910	437.44	0.67053	12.800	0.040900	supercritical
298.00	90.000	4.2747	0.23393	10.989	13.122	65.947	28.839	47.150	440.07	0.62852	13.367	0.042982	supercritical
298.00	105.00	5.0822	0.19676	10.785	12.878	64.037	29.041	49.371	444.95	0.58203	14.011	0.045302	supercritical
298.00	120.00	5.8979	0.16955	10.583	12.644	62.320	29.220	51.462	452.24	0.53251	14.729	0.047826	supercritical
298.00	135.00	6.7097	0.14904	10.384	12.423	60.767	29.374	53.317	462.00	0.48165	15.511	0.050493	supercritical
298.00	150.00	7.5052	0.13324	10.192	12.217	59.359	29.502	54.848	474.13	0.43119	16.347	0.053233	supercritical
298.00	165.00	8.2733	0.12087	10.008	12.029	58.081	29.608	56.008	488.41	0.38259	17.221	0.055974	supercritical
298.00	180.00	9.0053	0.11105	9.8348	11.860	56.924	29.693	56.798	504.53	0.33701	18.119	0.058661	supercritical
298.00	195.00	9.6958	0.10314	9.6722	11.710	55.874	29.763	57.254	522.11	0.29515	19.028	0.061257	supercritical
298.00	210.00	10.342	0.096693	9.5207	11.578	54.923	29.820	57.437	540.78	0.25733	19.936	0.063746	supercritical
298.00	225.00	10.944	0.091374	9.3800	11.463	54.058	29.870	57.411	560.19	0.22356	20.835	0.066126	supercritical
298.00	240.00	11.503	0.086931	9.2497	11.364	53.270	29.913	57.238	580.06	0.19361	21.720	0.068402	supercritical
298.00	255.00	12.023	0.083177	9.1288	11.278	52.548	29.953	56.965	600.16	0.16715	22.588	0.070584	supercritical
298.00	270.00	12.505	0.079969	9.0167	11.204	51.886	29.991	56.630	620.29	0.14380	23.436	0.072681	supercritical
298.00	285.00	12.954	0.077199	8.9125	11.142	51.275	30.028	56.260	640.34	0.12317	24.263	0.074703	supercritical
298.00	300.00	13.372	0.074785	8.8153	11.089	50.709	30.064	55.874	660.19	0.10491	25.070	0.076657	supercritical
298.00	315.00	13.762	0.072662	8.7246	11.044	50.183	30.101	55.484	679.78	0.088707	25.856	0.078552	supercritical
298.00	330.00	14.128	0.070780	8.6396	11.006	49.691	30.138	55.099	699.06	0.074274	26.623	0.080392	supercritical
298.00	345.00	14.472	0.069099	8.5598	10.975	49.230	30.176	54.724	718.00	0.061379	27.371	0.082182	supercritical
298.00	360.00	14.796	0.067588	8.4846	10.950	48.797	30.214	54.363	736.57	0.049818	28.100	0.083928	supercritical
298.00	375.00	15.101	0.066221	8.4137	10.930	48.389	30.253	54.018	754.78	0.039415	28.813	0.085632	supercritical
298.00	390.00	15.390	0.064977	8.3467	10.914	48.002	30.291	53.689	772.60	0.030023	29.510	0.087297	supercritical
298.00	405.00	15.664	0.063840	8.2831	10.903	47.635	30.331	53.377	790.05	0.021515	30.192	0.088927	supercritical
298.00	420.00	15.925	0.062796	8.2227	10.895	47.286	30.370	53.082	807.13	0.013783	30.860	0.090525	supercritical
298.00	435.00	16.173	0.061832	8.1653	10.891	46.953	30.410	52.802	823.85	0.0067337	31.515	0.092091	supercritical
298.00	450.00	16.410	0.060940	8.1105	10.889	46.635	30.450	52.537	840.23	0.00028763	32.157	0.093628	supercritical
298.00	465.00	16.636	0.060110	8.0581	10.890	46.330	30.490	52.287	856.26	-0.0056235	32.788	0.095138	supercritical
298.00	480.00	16.853	0.059336	8.0080	10.894	46.038	30.529	52.051	871.96	-0.011059	33.408	0.096623	supercritical
298.00	495.00	17.061	0.058612	7.9600	10.900	45.757	30.569	51.827	887.34	-0.016069	34.017	0.098084	supercritical
298.00	510.00	17.261	0.057933	7.9140	10.908	45.486	30.609	51.616	902.41	-0.020699	34.617	0.099521	supercritical
298.00	525.00	17.454	0.057294	7.8698	10.918	45.225	30.649	51.416	917.20	-0.024988	35.208	0.10094	supercritical
298.00	540.00	17.639	0.056691	7.8272	10.929	44.973	30.689	51.226	931.69	-0.028969	35.790	0.10233	supercritical
298.00	555.00	17.818	0.056122	7.7862	10.942	44.730	30.729	51.046	945.91	-0.032671	36.364	0.10371	supercritical
298.00	570.00	17.991	0.055582	7.7467	10.957	44.494	30.768	50.875	959.87	-0.036122	36.930	0.10507	supercritical
298.00	585.00	18.159	0.055070	7.7085	10.973	44.266	30.808	50.713	973.57	-0.039344	37.490	0.10641	supercritical
298.00	600.00	18.320	0.054584	7.6716	10.990	44.044	30.847	50.559	987.03	-0.042357	38.042	0.10773	supercritical
298.00	615.00	18.477	0.054120	7.6360	11.008	43.828	30.886	50.413	1000.3	-0.045181	38.588	0.10904	supercritical
298.00	630.00	18.630	0.053678	7.6015	11.028	43.619	30.925	50.273	1013.2	-0.047830	39.127	0.11034	supercritical
298.00	645.00	18.778	0.053255	7.5681	11.049	43.415	30.963	50.141	1026.0	-0.050319	39.661	0.11162	supercritical
298.00	660.00	18.921	0.052851	7.5357	11.070	43.217	31.002	50.014	1038.6	-0.052662	40.190	0.11288	supercritical
298.00	675.00	19.061	0.052463	7.5042	11.092	43.023	31.040	49.893	1051.0	-0.054869	40.713	0.11414	supercritical
298.00	690.00	19.197	0.052091	7.4737	11.116	42.835	31.078	49.778	1063.1	-0.056952	41.231	0.11538	supercritical
298.00	705.00	19.330	0.051734	7.4441	11.140	42.650	31.116	49.667	1075.1	-0.058920	41.744	0.11660	supercritical
298.00	720.00	19.459	0.051391	7.4152	11.164	42.471	31.154	49.562	1086.9	-0.060781	42.253	0.11782	supercritical
298.00	735.00	19.585	0.051060	7.3872	11.190	42.295	31.191	49.461	1098.5	-0.062543	42.757	0.11903	supercritical
298.00	750.00	19.708	0.050741	7.3599	11.216	42.123	31.228	49.365	1109.9	-0.064213	43.257	0.12022	supercritical
298.00	765.00	19.828	0.050434	7.3334	11.243	41.954	31.265	49.272	1121.2	-0.065798	43.754	0.12141	supercritical
298.00	780.00	19.945	0.050137	7.3075	11.270	41.789	31.302	49.183	1132.3	-0.067302	44.246	0.12258	supercritical
298.00	795.00	20.060	0.049850	7.2822	11.298	41.628	31.338	49.098	1143.3	-0.068733	44.735	0.12375	supercritical
298.00	810.00	20.173	0.049572	7.2576	11.326	41.470	31.374	49.016	1154.1	-0.070094	45.220	0.12490	supercritical
298.00	825.00	20.283	0.049304	7.2336	11.355	41.314	31.410	48.938	1164.8	-0.071389	45.702	0.12605	supercritical
298.00	840.00	20.390	0.049043	7.2102	11.384	41.162	31.446	48.863	1175.3	-0.072624	46.181	0.12719	supercritical
298.00	855.00	20.496	0.048791	7.1873	11.414	41.013	31.482	48.790	1185.7	-0.073802	46.657	0.12832	supercritical
298.00	870.00	20.599	0.048546	7.1650	11.444	40.866	31.517	48.721	1195.9	-0.074926	47.130	0.12944	supercritical
298.00	885.00	20.701	0.048308	7.1431	11.475	40.722	31.552	48.653	1206.0	-0.076000	47.600	0.13056	supercritical
298.00	900.00	20.800	0.048077	7.1218	11.506	40.580	31.587	48.589	1216.0	-0.077026	48.068	0.13167	supercritical
298.00	915.00	20.898	0.047852	7.1009	11.537	40.440	31.621	48.527	1225.9	-0.078007	48.532	0.13277	supercritical
298.00	930.00	20.994	0.047634	7.0805	11.569	40.303	31.656	48.467	1235.7	-0.078946	48.995	0.13386	supercritical
298.00	945.00	21.088	0.047421	7.0605	11.601	40.168	31.690	48.409	1245.3	-0.079845	49.455	0.13495	supercritical
298.00	960.00	21.180	0.047214	7.0409	11.634	40.036	31.724	48.353	1254.8	-0.080706	49.913	0.13603	supercritical
298.00	975.00	21.271	0.047012	7.0218	11.666	39.905	31.757	48.300	1264.3	-0.081532	50.368	0.13711	supercritical
298.00	990.00	21.360	0.046815	7.0030	11.699	39.776	31.791	48.248	1273.6	-0.082324	50.822	0.13818	supercritical
298.00	1005.0	21.448	0.046624	6.9847	11.732	39.650	31.824	48.198	1282.8	-0.083084	51.273	0.13924	supercritical
298.00	1020.0	21.535	0.046436	6.9667	11.766	39.525	31.857	48.149	1291.9	-0.083814	51.723	0.14030	supercritical
298.00	1035.0	21.620	0.046253	6.9490	11.800	39.402	31.890	48.103	1300.9	-0.084515	52.170	0.14135	supercritical
298.00	1050.0	21.704	0.046075	6.9317	11.834	39.280	31.923	48.057	1309.8	-0.085188	52.616	0.14240	supercritical
298.00	1065.0	21.786	0.045900	6.9147	11.868	39.161	31.955	48.014	1318.6	-0.085836	53.060	0.14344	supercritical
298.00	1080.0	21.868	0.045730	6.8981	11.902	39.043	31.987	47.972	1327.4	-0.086459	53.503	0.14448	supercritical
298.00	1095.0	21.948	0.045563	6.8817	11.937	38.926	32.019	47.931	1336.0	-0.087058	53.943	0.14551	supercritical
298.00	1110.0	22.026	0.045400	6.8657	11.972	38.811	32.051	47.891	1344.6	-0.087635	54.383	0.14654	supercritical
298.00	1125.0	22.104	0.045240	6.8500	12.007	38.698	32.083	47.853	1353.0	-0.088191	54.821	0.14756	supercritical
298.00	1140.0	22.181	0.045084	6.8346	12.042	38.586	32.114	47.816	1361.4	-0.088726	55.257	0.14858	supercritical
298.00	1155.0	22.256	0.044931	6.8194	12.078	38.475	32.146	47.780	1369.7	-0.089242	55.692	0.14959	supercritical
298.00	1170.0	22.331	0.044781	6.8045	12.113	38.366	32.177	47.745	1378.0	-0.089739	56.126	0.15060	supercritical
298.00	1185.0	22.404	0.044634	6.7899	12.149	38.258	32.208	47.712	1386.1	-0.090218	56.558	0.15161	supercritical
298.00	1200.0	22.477	0.044490	6.7755	12.185	38.151	32.238	47.679	1394.2	-0.090681	56.990	0.15261	supercritical
298.00	1215.0	22.549	0.044349	6.7614	12.221	38.046	32.269	47.648	1402.2	-0.091127	57.420	0.15361	supercritical
298.00	1230.0	22.619	0.044210	6.7475	12.257	37.942	32.299	47.617	1410.1	-0.091557	57.849	0.15460	supercritical
298.00	1245.0	22.689	0.044074	6.7339	12.294	37.839	32.329	47.587	1418.0	-0.091973	58.277	0.15559	supercritical
298.00	1260.0	22.758	0.043940	6.7205	12.330	37.737	32.359	47.559	1425.7	-0.092374	58.703	0.15657	supercritical
298.00	1275.0	22.826	0.043809	6.7073	12.367	37.636	32.389	47.531	1433.5	-0.092762	59.129	0.15756	supercritical
298.00	1290.0	22.893	0.043681	6.6944	12.404	37.537	32.419	47.504	1441.1	-0.093137	59.554	0.15854	supercritical
298.00	1305.0	22.960	0.043554	6.6816	12.441	37.438	32.448	47.478	1448.7	-0.093499	59.978	0.15951	supercritical
298.00	1320.0	23.026	0.043430	6.6691	12.478	37.341	32.477	47.452	1456.2	-0.093849	60.401	0.16048	supercritical
298.00	1335.0	23.090	0.043308	6.6567	12.515	37.244	32.506	47.427	1463.7	-0.094187	60.824	0.16145	supercritical
298.00	1350.0	23.155	0.043188	6.6446	12.552	37.149	32.535	47.403	1471.1	-0.094514	61.245	0.16242	supercritical
298.00	1365.0	23.218	0.043070	6.6327	12.590	37.054	32.564	47.380	1478.4	-0.094831	61.666	0.16338	supercritical
298.00	1380.0	23.281	0.042954	6.6209	12.627	36.961	32.593	47.358	1485.7	-0.095137	62.086	0.16434	supercritical
298.00	1395.0	23.343	0.042840	6.6094	12.665	36.868	32.621	47.336	1492.9	-0.095433	62.505	0.16530	supercritical
298.00	1410.0	23.404	0.042728	6.5980	12.702	36.776	32.649	47.314	1500.1	-0.095719	62.923	0.16625	supercritical
298.00	1425.0	23.465	0.042617	6.5868	12.740	36.685	32.678	47.294	1507.2	-0.095997	63.341	0.16720	supercritical
298.00	1440.0	23.525	0.042508	6.5758	12.778	36.596	32.706	47.274	1514.2	-0.096265	63.759	0.16815	supercritical
298.00	1455.0	23.584	0.042401	6.5649	12.816	36.506	32.733	47.254	1521.2	-0.096525	64.175	0.16910	supercritical
298.00	1470.0	23.643	0.042296	6.5542	12.854	36.418	32.761	47.235	1528.2	-0.096777	64.591	0.17004	supercritical
298.00	1485.0	23.701	0.042192	6.5437	12.892	36.331	32.789	47.217	1535.1	-0.097021	65.007	0.17098	supercritical
298.00	1500.0	23.759	0.042090	6.5334	12.930	36.244	32.816	47.199	1541.9	-0.097257	65.422	0.17192	supercritical
298.00	1515.0	23.816	0.041989	6.5231	12.969	36.158	32.843	47.181	1548.7	-0.097486	65.836	0.17285	supercritical
298.00	1530.0	23.872	0.041890	6.5131	13.007	36.073	32.870	47.165	1555.5	-0.097707	66.250	0.17379	supercritical
298.00	1545.0	23.928	0.041792	6.5032	13.046	35.988	32.897	47.148	1562.2	-0.097922	66.664	0.17472	supercritical
298.00	1560.0	23.984	0.041695	6.4934	13.084	35.905	32.924	47.132	1568.8	-0.098130	67.077	0.17564	supercritical
298.00	1575.0	24.038	0.041600	6.4838	13.123	35.822	32.951	47.117	1575.4	-0.098331	67.490	0.17657	supercritical
298.00	1590.0	24.093	0.041506	6.4743	13.161	35.740	32.977	47.102	1582.0	-0.098527	67.902	0.17749	supercritical
298.00	1605.0	24.147	0.041414	6.4650	13.200	35.658	33.004	47.087	1588.5	-0.098716	68.315	0.17841	supercritical
298.00	1620.0	24.200	0.041323	6.4558	13.239	35.577	33.030	47.073	1595.0	-0.098900	68.726	0.17933	supercritical
298.00	1635.0	24.253	0.041233	6.4467	13.278	35.497	33.056	47.059	1601.4	-0.099077	69.138	0.18025	supercritical
298.00	1650.0	24.305	0.041144	6.4378	13.316	35.417	33.082	47.046	1607.8	-0.099250	69.549	0.18117	supercritical
298.00	1665.0	24.357	0.041056	6.4290	13.355	35.338	33.108	47.033	1614.1	-0.099417	69.960	0.18208	supercritical
298.00	1680.0	24.408	0.040970	6.4203	13.394	35.260	33.134	47.020	1620.4	-0.099579	70.370	0.18299	supercritical
298.00	1695.0	24.459	0.040884	6.4117	13.433	35.182	33.159	47.008	1626.7	-0.099736	70.781	0.18390	supercritical
298.00	1710.0	24.510	0.040800	6.4033	13.473	35.105	33.185	46.996	1632.9	-0.099888	71.191	0.18480	supercritical
298.00	1725.0	24.560	0.040717	6.3950	13.512	35.029	33.210	46.985	1639.1	-0.10004	71.601	0.18571	supercritical
298.00	1740.0	24.610	0.040634	6.3868	13.551	34.953	33.235	46.973	1645.2	-0.10018	72.010	0.18661	supercritical
298.00	1755.0	24.659	0.040553	6.3787	13.590	34.877	33.260	46.962	1651.3	-0.10032	72.420	0.18751	supercritical
298.00	1770.0	24.708	0.040473	6.3707	13.629	34.802	33.285	46.952	1657.3	-0.10045	72.829	0.18841	supercritical
298.00	1785.0	24.756	0.040394	6.3629	13.669	34.728	33.310	46.942	1663.4	-0.10058	73.239	0.18931	supercritical
298.00	1800.0	24.804	0.040316	6.3551	13.708	34.655	33.335	46.932	1669.4	-0.10071	73.648	0.19021	supercritical
298.00	1815.0	24.852	0.040238	6.3475	13.747	34.581	33.360	46.922	1675.3	-0.10083	74.057	0.19110	supercritical
298.00	1830.0	24.899	0.040162	6.3399	13.787	34.509	33.384	46.912	1681.2	-0.10095	74.466	0.19199	supercritical
298.00	1845.0	24.946	0.040086	6.3325	13.826	34.437	33.409	46.903	1687.1	-0.10107	74.875	0.19288	supercritical
298.00	1860.0	24.993	0.040012	6.3252	13.866	34.365	33.433	46.894	1692.9	-0.10118	75.284	0.19377	supercritical
298.00	1875.0	25.039	0.039938	6.3179	13.905	34.294	33.457	46.886	1698.8	-0.10129	75.692	0.19466	supercritical
298.00	1890.0	25.085	0.039865	6.3108	13.945	34.223	33.481	46.877	1704.5	-0.10139	76.101	0.19555	supercritical
298.00	1905.0	25.130	0.039793	6.3038	13.985	34.153	33.505	46.869	1710.3	-0.10149	76.510	0.19643	supercritical
298.00	1920.0	25.175	0.039721	6.2968	14.024	34.083	33.529	46.862	1716.0	-0.10159	76.919	0.19731	supercritical
298.00	1935.0	25.220	0.039651	6.2900	14.064	34.014	33.553	46.854	1721.7	-0.10169	77.327	0.19819	supercritical
298.00	1950.0	25.265	0.039581	6.2832	14.104	33.945	33.576	46.847	1727.3	-0.10178	77.736	0.19907	supercritical
298.00	1965.0	25.309	0.039512	6.2765	14.144	33.877	33.600	46.839	1732.9	-0.10187	78.145	0.19995	supercritical
298.00	1980.0	25.353	0.039444	6.2700	14.183	33.809	33.623	46.832	1738.5	-0.10196	undefined	undefined	supercritical
298.00	1995.0	25.396	0.039376	6.2635	14.223	33.742	33.647	46.826	1744.1	-0.10204	undefined	undefined	supercritical
298.00	2010.0	25.439	0.039309	6.2571	14.263	33.675	33.670	46.819	1749.6	-0.10212	undefined	undefined	supercritical
298.00	2025.0	25.482	0.039243	6.2508	14.303	33.608	33.693	46.813	1755.1	-0.10220	undefined	undefined	supercritical
298.00	2040.0	25.525	0.039178	6.2445	14.343	33.542	33.716	46.807	1760.5	-0.10228	undefined	undefined	supercritical
298.00	2055.0	25.567	0.039113	6.2384	14.383	33.476	33.739	46.801	1766.0	-0.10235	undefined	undefined	supercritical
298.00	2070.0	25.609	0.039049	6.2323	14.423	33.411	33.762	46.795	1771.4	-0.10242	undefined	undefined	supercritical
298.00	2085.0	25.651	0.038985	6.2263	14.462	33.346	33.784	46.790	1776.7	-0.10249	undefined	undefined	supercritical
298.00	2100.0	25.692	0.038922	6.2204	14.502	33.281	33.807	46.784	1782.1	-0.10256	undefined	undefined	supercritical
298.00	2115.0	25.733	0.038860	6.2146	14.542	33.217	33.830	46.779	1787.4	-0.10262	undefined	undefined	supercritical
298.00	2130.0	25.774	0.038799	6.2089	14.582	33.153	33.852	46.774	1792.7	-0.10269	undefined	undefined	supercritical
298.00	2145.0	25.815	0.038738	6.2032	14.622	33.090	33.874	46.770	1798.0	-0.10275	undefined	undefined	supercritical
298.00	2160.0	25.855	0.038677	6.1976	14.663	33.027	33.897	46.765	1803.2	-0.10280	undefined	undefined	supercritical
298.00	2175.0	25.895	0.038617	6.1921	14.703	32.964	33.919	46.760	1808.4	-0.10286	undefined	undefined	supercritical
298.00	2190.0	25.935	0.038558	6.1866	14.743	32.902	33.941	46.756	1813.6	-0.10291	undefined	undefined	supercritical
298.00	2205.0	25.975	0.038499	6.1812	14.783	32.840	33.963	46.752	1818.8	-0.10297	undefined	undefined	supercritical
298.00	2220.0	26.014	0.038441	6.1759	14.823	32.779	33.985	46.748	1823.9	-0.10302	undefined	undefined	supercritical
298.00	2235.0	26.053	0.038383	6.1707	14.863	32.717	34.006	46.744	1829.0	-0.10307	undefined	undefined	supercritical
298.00	2250.0	26.092	0.038326	6.1655	14.903	32.657	34.028	46.740	1834.1	-0.10311	undefined	undefined	supercritical
298.00	2265.0	26.130	0.038270	6.1604	14.943	32.596	34.050	46.737	1839.2	-0.10316	undefined	undefined	supercritical
298.00	2280.0	26.169	0.038214	6.1554	14.984	32.536	34.071	46.734	1844.2	-0.10320	undefined	undefined	supercritical
298.00	2295.0	26.207	0.038158	6.1504	15.024	32.476	34.093	46.730	1849.2	-0.10325	undefined	undefined	supercritical
298.00	2310.0	26.245	0.038103	6.1455	15.064	32.416	34.114	46.727	1854.2	-0.10329	undefined	undefined	supercritical
298.00	2325.0	26.282	0.038049	6.1407	15.104	32.357	34.135	46.724	1859.2	-0.10333	undefined	undefined	supercritical
298.00	2340.0	26.320	0.037995	6.1359	15.144	32.298	34.157	46.721	1864.1	-0.10336	undefined	undefined	supercritical
298.00	2355.0	26.357	0.037941	6.1312	15.185	32.240	34.178	46.719	1869.0	-0.10340	undefined	undefined	supercritical
298.00	2370.0	26.394	0.037888	6.1266	15.225	32.182	34.199	46.716	1873.9	-0.10343	undefined	undefined	supercritical
298.00	2385.0	26.430	0.037835	6.1220	15.265	32.124	34.220	46.713	1878.8	-0.10347	undefined	undefined	supercritical
298.00	2400.0	26.467	0.037783	6.1175	15.306	32.066	34.240	46.711	1883.7	-0.10350	undefined	undefined	supercritical
298.00	2415.0	26.503	0.037731	6.1130	15.346	32.009	34.261	46.709	1888.5	-0.10353	undefined	undefined	supercritical
298.00	2430.0	26.539	0.037680	6.1086	15.386	31.951	34.282	46.707	1893.3	-0.10356	undefined	undefined	supercritical
298.00	2445.0	26.575	0.037629	6.1042	15.426	31.895	34.303	46.705	1898.1	-0.10359	undefined	undefined	supercritical
298.00	2460.0	26.611	0.037578	6.1000	15.467	31.838	34.323	46.703	1902.9	-0.10361	undefined	undefined	supercritical
298.00	2475.0	26.647	0.037528	6.0957	15.507	31.782	34.344	46.701	1907.6	-0.10364	undefined	undefined	supercritical
298.00	2490.0	26.682	0.037479	6.0916	15.547	31.726	34.364	46.699	1912.3	-0.10366	undefined	undefined	supercritical
298.00	2505.0	26.717	0.037429	6.0874	15.588	31.670	34.384	46.698	1917.0	-0.10369	undefined	undefined	supercritical
298.00	2520.0	26.752	0.037381	6.0834	15.628	31.615	34.405	46.696	1921.7	-0.10371	undefined	undefined	supercritical
298.00	2535.0	26.787	0.037332	6.0794	15.668	31.560	34.425	46.695	1926.4	-0.10373	undefined	undefined	supercritical
298.00	2550.0	26.821	0.037284	6.0754	15.709	31.505	34.445	46.694	1931.0	-0.10375	undefined	undefined	supercritical
298.00	2565.0	26.855	0.037236	6.0715	15.749	31.451	34.465	46.692	1935.7	-0.10377	undefined	undefined	supercritical
298.00	2580.0	26.890	0.037189	6.0677	15.790	31.396	34.485	46.691	1940.3	-0.10378	undefined	undefined	supercritical
298.00	2595.0	26.924	0.037142	6.0639	15.830	31.342	34.505	46.690	1944.9	-0.10380	undefined	undefined	supercritical
298.00	2610.0	26.957	0.037096	6.0601	15.870	31.289	34.525	46.689	1949.4	-0.10382	undefined	undefined	supercritical
298.00	2625.0	26.991	0.037049	6.0564	15.911	31.235	34.544	46.688	1954.0	-0.10383	undefined	undefined	supercritical
298.00	2640.0	27.024	0.037004	6.0528	15.951	31.182	34.564	46.688	1958.5	-0.10385	undefined	undefined	supercritical
298.00	2655.0	27.058	0.036958	6.0492	15.992	31.129	34.584	46.687	1963.0	-0.10386	undefined	undefined	supercritical
298.00	2670.0	27.091	0.036913	6.0457	16.032	31.076	34.603	46.687	1967.5	-0.10387	undefined	undefined	supercritical
298.00	2685.0	27.124	0.036868	6.0422	16.072	31.023	34.623	46.686	1972.0	-0.10388	undefined	undefined	supercritical
298.00	2700.0	27.157	0.036824	6.0387	16.113	30.971	34.642	46.686	1976.4	-0.10389	undefined	undefined	supercritical
298.00	2715.0	27.189	0.036779	6.0353	16.153	30.919	34.661	46.685	1980.9	-0.10390	undefined	undefined	supercritical
298.00	2730.0	27.222	0.036736	6.0320	16.194	30.867	34.680	46.685	1985.3	-0.10391	undefined	undefined	supercritical
298.00	2745.0	27.254	0.036692	6.0286	16.234	30.816	34.700	46.685	1989.7	-0.10392	undefined	undefined	supercritical
298.00	2760.0	27.286	0.036649	6.0254	16.274	30.764	34.719	46.685	1994.1	-0.10392	undefined	undefined	supercritical
298.00	2775.0	27.318	0.036606	6.0222	16.315	30.713	34.738	46.685	1998.5	-0.10393	undefined	undefined	supercritical
298.00	2790.0	27.350	0.036563	6.0190	16.355	30.662	34.757	46.685	2002.8	-0.10393	undefined	undefined	supercritical
298.00	2805.0	27.381	0.036521	6.0159	16.396	30.612	34.776	46.685	2007.1	-0.10394	undefined	undefined	supercritical
298.00	2820.0	27.413	0.036479	6.0128	16.436	30.561	34.795	46.685	2011.5	-0.10394	undefined	undefined	supercritical
298.00	2835.0	27.444	0.036438	6.0098	16.477	30.511	34.813	46.686	2015.8	-0.10395	undefined	undefined	supercritical
298.00	2850.0	27.475	0.036396	6.0068	16.517	30.461	34.832	46.686	2020.1	-0.10395	undefined	undefined	supercritical
298.00	2865.0	27.506	0.036355	6.0038	16.558	30.411	34.851	46.686	2024.3	-0.10395	undefined	undefined	supercritical
298.00	2880.0	27.537	0.036314	6.0009	16.598	30.361	34.869	46.687	2028.6	-0.10395	undefined	undefined	supercritical
298.00	2895.0	27.568	0.036274	5.9980	16.638	30.312	34.888	46.687	2032.8	-0.10395	undefined	undefined	supercritical
298.00	2910.0	27.599	0.036234	5.9952	16.679	30.263	34.906	46.688	2037.0	-0.10395	undefined	undefined	supercritical
298.00	2925.0	27.629	0.036194	5.9924	16.719	30.214	34.925	46.689	2041.2	-0.10395	undefined	undefined	supercritical
298.00	2940.0	27.660	0.036154	5.9897	16.760	30.165	34.943	46.689	2045.4	-0.10395	undefined	undefined	supercritical
298.00	2955.0	27.690	0.036115	5.9870	16.800	30.116	34.962	46.690	2049.6	-0.10395	undefined	undefined	supercritical
298.00	2970.0	27.720	0.036075	5.9843	16.841	30.068	34.980	46.691	2053.8	-0.10394	undefined	undefined	supercritical
298.00	2985.0	27.750	0.036036	5.9817	16.881	30.020	34.998	46.692	2057.9	-0.10394	undefined	undefined	supercritical
298.00	3000.0	27.779	0.035998	5.9791	16.922	29.972	35.016	46.693	2062.1	-0.10394	undefined	undefined	supercritical
298.00	3015.0	27.809	0.035959	5.9766	16.962	29.924	35.034	46.694	2066.2	-0.10393	undefined	undefined	supercritical
298.00	3030.0	27.839	0.035921	5.9740	17.002	29.877	35.052	46.695	2070.3	-0.10393	undefined	undefined	supercritical
298.00	3045.0	27.868	0.035883	5.9716	17.043	29.829	35.070	46.696	2074.4	-0.10392	undefined	undefined	supercritical
298.00	3060.0	27.897	0.035846	5.9691	17.083	29.782	35.088	46.697	2078.4	-0.10392	undefined	undefined	supercritical
298.00	3075.0	27.926	0.035808	5.9667	17.124	29.735	35.106	46.698	2082.5	-0.10391	undefined	undefined	supercritical
298.00	3090.0	27.955	0.035771	5.9644	17.164	29.688	35.124	46.700	2086.5	-0.10390	undefined	undefined	supercritical
298.00	3105.0	27.984	0.035734	5.9621	17.205	29.641	35.141	46.701	2090.6	-0.10390	undefined	undefined	supercritical
298.00	3120.0	28.013	0.035698	5.9598	17.245	29.595	35.159	46.703	2094.6	-0.10389	undefined	undefined	supercritical
298.00	3135.0	28.042	0.035661	5.9575	17.285	29.549	35.177	46.704	2098.6	-0.10388	undefined	undefined	supercritical
298.00	3150.0	28.070	0.035625	5.9553	17.326	29.503	35.194	46.705	2102.6	-0.10387	undefined	undefined	supercritical
298.00	3165.0	28.098	0.035589	5.9531	17.366	29.457	35.212	46.707	2106.5	-0.10386	undefined	undefined	supercritical
298.00	3180.0	28.127	0.035553	5.9510	17.407	29.411	35.229	46.709	2110.5	-0.10385	undefined	undefined	supercritical
298.00	3195.0	28.155	0.035518	5.9489	17.447	29.365	35.247	46.710	2114.5	-0.10384	undefined	undefined	supercritical
298.00	3210.0	28.183	0.035483	5.9468	17.488	29.320	35.264	46.712	2118.4	-0.10383	undefined	undefined	supercritical
298.00	3225.0	28.211	0.035447	5.9448	17.528	29.275	35.281	46.714	2122.3	-0.10382	undefined	undefined	supercritical
298.00	3240.0	28.239	0.035413	5.9427	17.568	29.229	35.299	46.715	2126.2	-0.10381	undefined	undefined	supercritical
298.00	3255.0	28.266	0.035378	5.9408	17.609	29.185	35.316	46.717	2130.1	-0.10380	undefined	undefined	supercritical
298.00	3270.0	28.294	0.035343	5.9388	17.649	29.140	35.333	46.719	2134.0	-0.10378	undefined	undefined	supercritical
298.00	3285.0	28.321	0.035309	5.9369	17.690	29.095	35.350	46.721	2137.9	-0.10377	undefined	undefined	supercritical
298.00	3300.0	28.349	0.035275	5.9350	17.730	29.051	35.367	46.723	2141.7	-0.10376	undefined	undefined	supercritical
298.00	3315.0	28.376	0.035241	5.9332	17.770	29.006	35.384	46.725	2145.6	-0.10375	undefined	undefined	supercritical
298.00	3330.0	28.403	0.035208	5.9314	17.811	28.962	35.401	46.727	2149.4	-0.10373	undefined	undefined	supercritical
298.00	3345.0	28.430	0.035174	5.9296	17.851	28.918	35.418	46.729	2153.2	-0.10372	undefined	undefined	supercritical
298.00	3360.0	28.457	0.035141	5.9278	17.892	28.875	35.435	46.731	2157.0	-0.10370	undefined	undefined	supercritical
298.00	3375.0	28.484	0.035108	5.9261	17.932	28.831	35.451	46.733	2160.8	-0.10369	undefined	undefined	supercritical
298.00	3390.0	28.510	0.035075	5.9244	17.972	28.788	35.468	46.735	2164.6	-0.10367	undefined	undefined	supercritical
298.00	3405.0	28.537	0.035042	5.9228	18.013	28.744	35.485	46.737	2168.4	-0.10366	undefined	undefined	supercritical
298.00	3420.0	28.563	0.035010	5.9211	18.053	28.701	35.502	46.740	2172.1	-0.10364	undefined	undefined	supercritical
298.00	3435.0	28.590	0.034977	5.9195	18.094	28.658	35.518	46.742	2175.9	-0.10363	undefined	undefined	supercritical
298.00	3450.0	28.616	0.034945	5.9180	18.134	28.615	35.535	46.744	2179.6	-0.10361	undefined	undefined	supercritical
298.00	3465.0	28.642	0.034913	5.9164	18.174	28.572	35.551	46.747	2183.3	-0.10359	undefined	undefined	supercritical
298.00	3480.0	28.668	0.034882	5.9149	18.215	28.530	35.568	46.749	2187.1	-0.10358	undefined	undefined	supercritical
298.00	3495.0	28.694	0.034850	5.9134	18.255	28.487	35.584	46.751	2190.8	-0.10356	undefined	undefined	supercritical
298.00	3510.0	28.720	0.034819	5.9120	18.295	28.445	35.600	46.754	2194.4	-0.10354	undefined	undefined	supercritical
298.00	3525.0	28.746	0.034787	5.9106	18.336	28.403	35.617	46.756	2198.1	-0.10352	undefined	undefined	supercritical
298.00	3540.0	28.772	0.034756	5.9092	18.376	28.361	35.633	46.759	2201.8	-0.10350	undefined	undefined	supercritical
298.00	3555.0	28.797	0.034725	5.9078	18.416	28.319	35.649	46.761	2205.5	-0.10349	undefined	undefined	supercritical
298.00	3570.0	28.823	0.034695	5.9065	18.457	28.277	35.665	46.764	2209.1	-0.10347	undefined	undefined	supercritical
298.00	3585.0	28.848	0.034664	5.9051	18.497	28.236	35.682	46.767	2212.7	-0.10345	undefined	undefined	supercritical
298.00	3600.0	28.874	0.034634	5.9039	18.537	28.194	35.698	46.769	2216.4	-0.10343	undefined	undefined	supercritical
298.00	3615.0	28.899	0.034604	5.9026	18.578	28.153	35.714	46.772	2220.0	-0.10341	undefined	undefined	supercritical
298.00	3630.0	28.924	0.034573	5.9014	18.618	28.112	35.730	46.775	2223.6	-0.10339	undefined	undefined	supercritical
298.00	3645.0	28.949	0.034544	5.9002	18.658	28.071	35.746	46.777	2227.2	-0.10337	undefined	undefined	supercritical
298.00	3660.0	28.974	0.034514	5.8990	18.698	28.030	35.762	46.780	2230.7	-0.10335	undefined	undefined	supercritical
298.00	3675.0	28.999	0.034484	5.8978	18.739	27.989	35.777	46.783	2234.3	-0.10333	undefined	undefined	supercritical
298.00	3690.0	29.024	0.034455	5.8967	18.779	27.949	35.793	46.786	2237.9	-0.10331	undefined	undefined	supercritical
298.00	3705.0	29.048	0.034426	5.8956	18.819	27.908	35.809	46.789	2241.4	-0.10329	undefined	undefined	supercritical
298.00	3720.0	29.073	0.034396	5.8945	18.860	27.868	35.825	46.791	2245.0	-0.10327	undefined	undefined	supercritical
298.00	3735.0	29.097	0.034367	5.8935	18.900	27.828	35.840	46.794	2248.5	-0.10324	undefined	undefined	supercritical
298.00	3750.0	29.122	0.034339	5.8925	18.940	27.787	35.856	46.797	2252.0	-0.10322	undefined	undefined	supercritical
298.00	3765.0	29.146	0.034310	5.8915	18.980	27.747	35.872	46.800	2255.5	-0.10320	undefined	undefined	supercritical
298.00	3780.0	29.170	0.034281	5.8905	19.021	27.708	35.887	46.803	2259.0	-0.10318	undefined	undefined	supercritical
298.00	3795.0	29.194	0.034253	5.8895	19.061	27.668	35.903	46.806	2262.5	-0.10316	undefined	undefined	supercritical
298.00	3810.0	29.219	0.034225	5.8886	19.101	27.628	35.918	46.809	2266.0	-0.10314	undefined	undefined	supercritical
298.00	3825.0	29.243	0.034197	5.8877	19.141	27.589	35.934	46.812	2269.5	-0.10311	undefined	undefined	supercritical
298.00	3840.0	29.267	0.034169	5.8868	19.181	27.549	35.949	46.815	2272.9	-0.10309	undefined	undefined	supercritical
298.00	3855.0	29.290	0.034141	5.8860	19.222	27.510	35.965	46.818	2276.4	-0.10307	undefined	undefined	supercritical
298.00	3870.0	29.314	0.034113	5.8851	19.262	27.471	35.980	46.821	2279.8	-0.10304	undefined	undefined	supercritical
298.00	3885.0	29.338	0.034086	5.8843	19.302	27.432	35.995	46.825	2283.3	-0.10302	undefined	undefined	supercritical
298.00	3900.0	29.361	0.034058	5.8836	19.342	27.393	36.010	46.828	2286.7	-0.10300	undefined	undefined	supercritical
298.00	3915.0	29.385	0.034031	5.8828	19.382	27.354	36.026	46.831	2290.1	-0.10297	undefined	undefined	supercritical
298.00	3930.0	29.408	0.034004	5.8821	19.423	27.316	36.041	46.834	2293.5	-0.10295	undefined	undefined	supercritical
298.00	3945.0	29.432	0.033977	5.8813	19.463	27.277	36.056	46.837	2296.9	-0.10293	undefined	undefined	supercritical
298.00	3960.0	29.455	0.033950	5.8806	19.503	27.239	36.071	46.841	2300.3	-0.10290	undefined	undefined	supercritical
298.00	3975.0	29.478	0.033923	5.8800	19.543	27.200	36.086	46.844	2303.7	-0.10288	undefined	undefined	supercritical
298.00	3990.0	29.501	0.033897	5.8793	19.583	27.162	36.101	46.847	2307.0	-0.10285	undefined	undefined	supercritical
298.00	4005.0	29.524	0.033870	5.8787	19.623	27.124	36.116	46.851	2310.4	-0.10283	undefined	undefined	supercritical
298.00	4020.0	29.547	0.033844	5.8781	19.664	27.086	36.131	46.854	2313.7	-0.10280	undefined	undefined	supercritical
298.00	4035.0	29.570	0.033818	5.8775	19.704	27.048	36.146	46.857	2317.1	-0.10278	undefined	undefined	supercritical
298.00	4050.0	29.593	0.033792	5.8770	19.744	27.011	36.161	46.861	2320.4	-0.10275	undefined	undefined	supercritical
298.00	4065.0	29.616	0.033766	5.8764	19.784	26.973	36.176	46.864	2323.7	-0.10273	undefined	undefined	supercritical
298.00	4080.0	29.639	0.033740	5.8759	19.824	26.935	36.191	46.867	2327.0	-0.10270	undefined	undefined	supercritical
298.00	4095.0	29.661	0.033714	5.8754	19.864	26.898	36.205	46.871	2330.3	-0.10268	undefined	undefined	supercritical
298.00	4110.0	29.684	0.033688	5.8749	19.904	26.861	36.220	46.874	2333.6	-0.10265	undefined	undefined	supercritical
298.00	4125.0	29.706	0.033663	5.8745	19.944	26.823	36.235	46.878	2336.9	-0.10263	undefined	undefined	supercritical
298.00	4140.0	29.729	0.033638	5.8741	19.985	26.786	36.249	46.881	2340.2	-0.10260	undefined	undefined	supercritical
298.00	4155.0	29.751	0.033612	5.8736	20.025	26.749	36.264	46.885	2343.5	-0.10258	undefined	undefined	supercritical
298.00	4170.0	29.773	0.033587	5.8733	20.065	26.712	36.279	46.888	2346.7	-0.10255	undefined	undefined	supercritical
298.00	4185.0	29.795	0.033562	5.8729	20.105	26.676	36.293	46.892	2350.0	-0.10252	undefined	undefined	supercritical
298.00	4200.0	29.818	0.033537	5.8725	20.145	26.639	36.308	46.895	2353.2	-0.10250	undefined	undefined	supercritical
298.00	4215.0	29.840	0.033512	5.8722	20.185	26.602	36.322	46.899	2356.5	-0.10247	undefined	undefined	supercritical
298.00	4230.0	29.862	0.033488	5.8719	20.225	26.566	36.337	46.902	2359.7	-0.10244	undefined	undefined	supercritical
298.00	4245.0	29.884	0.033463	5.8716	20.265	26.529	36.351	46.906	2362.9	-0.10242	undefined	undefined	supercritical
298.00	4260.0	29.905	0.033439	5.8713	20.305	26.493	36.365	46.910	2366.1	-0.10239	undefined	undefined	supercritical
298.00	4275.0	29.927	0.033414	5.8711	20.345	26.457	36.380	46.913	2369.3	-0.10236	undefined	undefined	supercritical
298.00	4290.0	29.949	0.033390	5.8708	20.385	26.421	36.394	46.917	2372.5	-0.10234	undefined	undefined	supercritical
298.00	4305.0	29.971	0.033366	5.8706	20.425	26.385	36.408	46.921	2375.7	-0.10231	undefined	undefined	supercritical
298.00	4320.0	29.992	0.033342	5.8704	20.465	26.349	36.423	46.924	2378.9	-0.10228	undefined	undefined	supercritical
298.00	4335.0	30.014	0.033318	5.8703	20.505	26.313	36.437	46.928	2382.1	-0.10226	undefined	undefined	supercritical
298.00	4350.0	30.035	0.033294	5.8701	20.545	26.278	36.451	46.932	2385.3	-0.10223	undefined	undefined	supercritical
298.00	4365.0	30.057	0.033270	5.8700	20.585	26.242	36.465	46.935	2388.4	-0.10220	undefined	undefined	supercritical
298.00	4380.0	30.078	0.033247	5.8699	20.625	26.206	36.479	46.939	2391.6	-0.10217	undefined	undefined	supercritical
298.00	4395.0	30.099	0.033223	5.8698	20.665	26.171	36.493	46.943	2394.7	-0.10215	undefined	undefined	supercritical
298.00	4410.0	30.121	0.033200	5.8697	20.705	26.136	36.507	46.947	2397.8	-0.10212	undefined	undefined	supercritical
298.00	4425.0	30.142	0.033177	5.8696	20.745	26.101	36.521	46.951	2401.0	-0.10209	undefined	undefined	supercritical
298.00	4440.0	30.163	0.033153	5.8696	20.785	26.065	36.535	46.954	2404.1	-0.10206	undefined	undefined	supercritical
298.00	4455.0	30.184	0.033130	5.8695	20.825	26.030	36.549	46.958	2407.2	-0.10204	undefined	undefined	supercritical
298.00	4470.0	30.205	0.033107	5.8695	20.865	25.995	36.563	46.962	2410.3	-0.10201	undefined	undefined	supercritical
298.00	4485.0	30.226	0.033084	5.8695	20.905	25.961	36.577	46.966	2413.4	-0.10198	undefined	undefined	supercritical
298.00	4500.0	30.247	0.033062	5.8696	20.944	25.926	36.591	46.970	2416.5	-0.10195	undefined	undefined	supercritical
298.00	4515.0	30.267	0.033039	5.8696	20.984	25.891	36.605	46.974	2419.6	-0.10192	undefined	undefined	supercritical
298.00	4530.0	30.288	0.033016	5.8697	21.024	25.857	36.618	46.977	2422.7	-0.10189	undefined	undefined	supercritical
298.00	4545.0	30.309	0.032994	5.8697	21.064	25.822	36.632	46.981	2425.7	-0.10187	undefined	undefined	supercritical
298.00	4560.0	30.329	0.032971	5.8698	21.104	25.788	36.646	46.985	2428.8	-0.10184	undefined	undefined	supercritical
298.00	4575.0	30.350	0.032949	5.8700	21.144	25.753	36.660	46.989	2431.8	-0.10181	undefined	undefined	supercritical
298.00	4590.0	30.370	0.032927	5.8701	21.184	25.719	36.673	46.993	2434.9	-0.10178	undefined	undefined	supercritical
298.00	4605.0	30.391	0.032905	5.8702	21.224	25.685	36.687	46.997	2437.9	-0.10175	undefined	undefined	supercritical
298.00	4620.0	30.411	0.032883	5.8704	21.263	25.651	36.701	47.001	2441.0	-0.10172	undefined	undefined	supercritical
298.00	4635.0	30.432	0.032861	5.8706	21.303	25.617	36.714	47.005	2444.0	-0.10169	undefined	undefined	supercritical
298.00	4650.0	30.452	0.032839	5.8708	21.343	25.583	36.728	47.009	2447.0	-0.10167	undefined	undefined	supercritical
298.00	4665.0	30.472	0.032817	5.8710	21.383	25.549	36.741	47.013	2450.0	-0.10164	undefined	undefined	supercritical
298.00	4680.0	30.492	0.032795	5.8712	21.423	25.516	36.755	47.017	2453.0	-0.10161	undefined	undefined	supercritical
298.00	4695.0	30.512	0.032774	5.8715	21.463	25.482	36.768	47.021	2456.0	-0.10158	undefined	undefined	supercritical
298.00	4710.0	30.532	0.032752	5.8717	21.502	25.448	36.782	47.025	2459.0	-0.10155	undefined	undefined	supercritical
298.00	4725.0	30.552	0.032731	5.8720	21.542	25.415	36.795	47.029	2462.0	-0.10152	undefined	undefined	supercritical
298.00	4740.0	30.572	0.032709	5.8723	21.582	25.382	36.808	47.033	2465.0	-0.10149	undefined	undefined	supercritical
298.00	4755.0	30.592	0.032688	5.8726	21.622	25.348	36.822	47.037	2468.0	-0.10146	undefined	undefined	supercritical
298.00	4770.0	30.612	0.032667	5.8729	21.661	25.315	36.835	47.041	2470.9	-0.10143	undefined	undefined	supercritical
298.00	4785.0	30.632	0.032646	5.8733	21.701	25.282	36.848	47.045	2473.9	-0.10140	undefined	undefined	supercritical
298.00	4800.0	30.652	0.032625	5.8736	21.741	25.249	36.861	47.049	2476.8	-0.10137	undefined	undefined	supercritical
298.00	4815.0	30.671	0.032604	5.8740	21.781	25.216	36.875	47.053	2479.8	-0.10134	undefined	undefined	supercritical
298.00	4830.0	30.691	0.032583	5.8744	21.820	25.183	36.888	47.057	2482.7	-0.10132	undefined	undefined	supercritical
298.00	4845.0	30.711	0.032562	5.8748	21.860	25.150	36.901	47.061	2485.7	-0.10129	undefined	undefined	supercritical
298.00	4860.0	30.730	0.032541	5.8752	21.900	25.117	36.914	47.066	2488.6	-0.10126	undefined	undefined	supercritical
298.00	4875.0	30.750	0.032521	5.8756	21.940	25.085	36.927	47.070	2491.5	-0.10123	undefined	undefined	supercritical
298.00	4890.0	30.769	0.032500	5.8761	21.979	25.052	36.940	47.074	2494.4	-0.10120	undefined	undefined	supercritical
298.00	4905.0	30.788	0.032480	5.8766	22.019	25.020	36.953	47.078	2497.3	-0.10117	undefined	undefined	supercritical
298.00	4920.0	30.808	0.032459	5.8770	22.059	24.987	36.966	47.082	2500.2	-0.10114	undefined	undefined	supercritical
298.00	4935.0	30.827	0.032439	5.8775	22.098	24.955	36.979	47.086	2503.1	-0.10111	undefined	undefined	supercritical
298.00	4950.0	30.846	0.032419	5.8780	22.138	24.923	36.992	47.090	2506.0	-0.10108	undefined	undefined	supercritical
298.00	4965.0	30.865	0.032399	5.8786	22.178	24.890	37.005	47.095	2508.9	-0.10105	undefined	undefined	supercritical
298.00	4980.0	30.885	0.032379	5.8791	22.217	24.858	37.018	47.099	2511.8	-0.10102	undefined	undefined	supercritical
298.00	4995.0	30.904	0.032359	5.8796	22.257	24.826	37.031	47.103	2514.6	-0.10099	undefined	undefined	supercritical
298.00	5010.0	30.923	0.032339	5.8802	22.297	24.794	37.044	47.107	2517.5	-0.10096	undefined	undefined	supercritical
298.00	5025.0	30.942	0.032319	5.8808	22.336	24.762	37.057	47.111	2520.3	-0.10093	undefined	undefined	supercritical
298.00	5040.0	30.961	0.032299	5.8814	22.376	24.731	37.070	47.116	2523.2	-0.10090	undefined	undefined	supercritical
298.00	5055.0	30.979	0.032279	5.8820	22.415	24.699	37.083	47.120	2526.0	-0.10087	undefined	undefined	supercritical
298.00	5070.0	30.998	0.032260	5.8826	22.455	24.667	37.095	47.124	2528.9	-0.10084	undefined	undefined	supercritical
298.00	5085.0	31.017	0.032240	5.8833	22.495	24.635	37.108	47.128	2531.7	-0.10081	undefined	undefined	supercritical
298.00	5100.0	31.036	0.032221	5.8839	22.534	24.604	37.121	47.133	2534.5	-0.10078	undefined	undefined	supercritical
298.00	5115.0	31.055	0.032201	5.8846	22.574	24.572	37.133	47.137	2537.4	-0.10075	undefined	undefined	supercritical
298.00	5130.0	31.073	0.032182	5.8852	22.613	24.541	37.146	47.141	2540.2	-0.10072	undefined	undefined	supercritical
298.00	5145.0	31.092	0.032163	5.8859	22.653	24.510	37.159	47.145	2543.0	-0.10069	undefined	undefined	supercritical
298.00	5160.0	31.110	0.032144	5.8866	22.693	24.478	37.171	47.150	2545.8	-0.10066	undefined	undefined	supercritical
298.00	5175.0	31.129	0.032124	5.8874	22.732	24.447	37.184	47.154	2548.6	-0.10063	undefined	undefined	supercritical
298.00	5190.0	31.147	0.032105	5.8881	22.772	24.416	37.197	47.158	2551.4	-0.10060	undefined	undefined	supercritical
298.00	5205.0	31.166	0.032086	5.8888	22.811	24.385	37.209	47.163	2554.2	-0.10057	undefined	undefined	supercritical
298.00	5220.0	31.184	0.032068	5.8896	22.851	24.354	37.222	47.167	2557.0	-0.10054	undefined	undefined	supercritical
298.00	5235.0	31.203	0.032049	5.8904	22.890	24.323	37.234	47.171	2559.7	-0.10050	undefined	undefined	supercritical
298.00	5250.0	31.221	0.032030	5.8911	22.930	24.292	37.247	47.176	2562.5	-0.10047	undefined	undefined	supercritical
298.00	5265.0	31.239	0.032011	5.8919	22.969	24.262	37.259	47.180	2565.3	-0.10044	undefined	undefined	supercritical
298.00	5280.0	31.257	0.031993	5.8928	23.009	24.231	37.271	47.184	2568.0	-0.10041	undefined	undefined	supercritical
298.00	5295.0	31.275	0.031974	5.8936	23.048	24.200	37.284	47.189	2570.8	-0.10038	undefined	undefined	supercritical
298.00	5310.0	31.294	0.031955	5.8944	23.088	24.170	37.296	47.193	2573.5	-0.10035	undefined	undefined	supercritical
298.00	5325.0	31.312	0.031937	5.8953	23.127	24.139	37.308	47.197	2576.3	-0.10032	undefined	undefined	supercritical
298.00	5340.0	31.330	0.031919	5.8961	23.167	24.109	37.321	47.202	2579.0	-0.10029	undefined	undefined	supercritical
298.00	5355.0	31.348	0.031900	5.8970	23.206	24.078	37.333	47.206	2581.7	-0.10026	undefined	undefined	supercritical
298.00	5370.0	31.366	0.031882	5.8979	23.245	24.048	37.345	47.210	2584.5	-0.10023	undefined	undefined	supercritical
298.00	5385.0	31.384	0.031864	5.8988	23.285	24.018	37.358	47.215	2587.2	-0.10020	undefined	undefined	supercritical
298.00	5400.0	31.401	0.031846	5.8997	23.324	23.988	37.370	47.219	2589.9	-0.10017	undefined	undefined	supercritical
298.00	5415.0	31.419	0.031828	5.9006	23.364	23.957	37.382	47.224	2592.6	-0.10014	undefined	undefined	supercritical
298.00	5430.0	31.437	0.031810	5.9016	23.403	23.927	37.394	47.228	2595.3	-0.10011	undefined	undefined	supercritical
298.00	5445.0	31.455	0.031792	5.9025	23.442	23.897	37.406	47.232	2598.0	-0.10008	undefined	undefined	supercritical
298.00	5460.0	31.472	0.031774	5.9035	23.482	23.867	37.419	47.237	2600.7	-0.10005	undefined	undefined	supercritical
298.00	5475.0	31.490	0.031756	5.9044	23.521	23.838	37.431	47.241	2603.4	-0.10002	undefined	undefined	supercritical
298.00	5490.0	31.508	0.031738	5.9054	23.561	23.808	37.443	47.246	2606.1	-0.099986	undefined	undefined	supercritical
298.00	5505.0	31.525	0.031721	5.9064	23.600	23.778	37.455	47.250	2608.8	-0.099955	undefined	undefined	supercritical
298.00	5520.0	31.543	0.031703	5.9074	23.639	23.748	37.467	47.254	2611.4	-0.099924	undefined	undefined	supercritical
298.00	5535.0	31.560	0.031685	5.9084	23.679	23.719	37.479	47.259	2614.1	-0.099894	undefined	undefined	supercritical
298.00	5550.0	31.578	0.031668	5.9095	23.718	23.689	37.491	47.263	2616.8	-0.099863	undefined	undefined	supercritical
298.00	5565.0	31.595	0.031650	5.9105	23.757	23.660	37.503	47.268	2619.4	-0.099832	undefined	undefined	supercritical
298.00	5580.0	31.613	0.031633	5.9116	23.797	23.630	37.515	47.272	2622.1	-0.099801	undefined	undefined	supercritical
298.00	5595.0	31.630	0.031616	5.9126	23.836	23.601	37.527	47.277	2624.7	-0.099771	undefined	undefined	supercritical
298.00	5610.0	31.647	0.031598	5.9137	23.875	23.572	37.539	47.281	2627.4	-0.099740	undefined	undefined	supercritical
298.00	5625.0	31.665	0.031581	5.9148	23.915	23.542	37.551	47.286	2630.0	-0.099709	undefined	undefined	supercritical
298.00	5640.0	31.682	0.031564	5.9159	23.954	23.513	37.562	47.290	2632.6	-0.099679	undefined	undefined	supercritical
298.00	5655.0	31.699	0.031547	5.9170	23.993	23.484	37.574	47.295	2635.3	-0.099648	undefined	undefined	supercritical
298.00	5670.0	31.716	0.031530	5.9181	24.032	23.455	37.586	47.299	2637.9	-0.099617	undefined	undefined	supercritical
298.00	5685.0	31.733	0.031513	5.9193	24.072	23.426	37.598	47.304	2640.5	-0.099586	undefined	undefined	supercritical
298.00	5700.0	31.750	0.031496	5.9204	24.111	23.397	37.610	47.308	2643.1	-0.099556	undefined	undefined	supercritical
298.00	5715.0	31.767	0.031479	5.9216	24.150	23.368	37.621	47.313	2645.7	-0.099525	undefined	undefined	supercritical
298.00	5730.0	31.784	0.031462	5.9228	24.189	23.339	37.633	47.317	2648.3	-0.099494	undefined	undefined	supercritical
298.00	5745.0	31.801	0.031445	5.9239	24.229	23.310	37.645	47.322	2650.9	-0.099463	undefined	undefined	supercritical
298.00	5760.0	31.818	0.031429	5.9251	24.268	23.282	37.657	47.326	2653.5	-0.099432	undefined	undefined	supercritical
298.00	5775.0	31.835	0.031412	5.9263	24.307	23.253	37.668	47.331	2656.1	-0.099402	undefined	undefined	supercritical
298.00	5790.0	31.852	0.031395	5.9275	24.346	23.224	37.680	47.335	2658.7	-0.099371	undefined	undefined	supercritical
298.00	5805.0	31.869	0.031379	5.9288	24.385	23.196	37.691	47.340	2661.3	-0.099340	undefined	undefined	supercritical
298.00	5820.0	31.886	0.031362	5.9300	24.425	23.167	37.703	47.344	2663.9	-0.099309	undefined	undefined	supercritical
298.00	5835.0	31.902	0.031346	5.9312	24.464	23.139	37.715	47.349	2666.4	-0.099279	undefined	undefined	supercritical
298.00	5850.0	31.919	0.031329	5.9325	24.503	23.111	37.726	47.353	2669.0	-0.099248	undefined	undefined	supercritical
298.00	5865.0	31.936	0.031313	5.9338	24.542	23.082	37.738	47.358	2671.6	-0.099217	undefined	undefined	supercritical
298.00	5880.0	31.952	0.031297	5.9350	24.581	23.054	37.749	47.362	2674.1	-0.099186	undefined	undefined	supercritical
298.00	5895.0	31.969	0.031280	5.9363	24.620	23.026	37.761	47.367	2676.7	-0.099155	undefined	undefined	supercritical
298.00	5910.0	31.986	0.031264	5.9376	24.660	22.997	37.772	47.371	2679.2	-0.099125	undefined	undefined	supercritical
298.00	5925.0	32.002	0.031248	5.9389	24.699	22.969	37.784	47.376	2681.8	-0.099094	undefined	undefined	supercritical
298.00	5940.0	32.019	0.031232	5.9402	24.738	22.941	37.795	47.381	2684.3	-0.099063	undefined	undefined	supercritical
298.00	5955.0	32.035	0.031216	5.9416	24.777	22.913	37.807	47.385	2686.8	-0.099032	undefined	undefined	supercritical
298.00	5970.0	32.051	0.031200	5.9429	24.816	22.885	37.818	47.390	2689.4	-0.099002	undefined	undefined	supercritical
298.00	5985.0	32.068	0.031184	5.9442	24.855	22.857	37.829	47.394	2691.9	-0.098971	undefined	undefined	supercritical
298.00	6000.0	32.084	0.031168	5.9456	24.894	22.830	37.841	47.399	2694.4	-0.098940	undefined	undefined	supercritical
298.00	6015.0	32.101	0.031152	5.9470	24.933	22.802	37.852	47.403	2696.9	-0.098909	undefined	undefined	supercritical
298.00	6030.0	32.117	0.031136	5.9484	24.972	22.774	37.864	47.408	2699.4	-0.098879	undefined	undefined	supercritical
298.00	6045.0	32.133	0.031121	5.9497	25.011	22.746	37.875	47.413	2701.9	-0.098848	undefined	undefined	supercritical
298.00	6060.0	32.149	0.031105	5.9511	25.050	22.719	37.886	47.417	2704.4	-0.098817	undefined	undefined	supercritical
298.00	6075.0	32.166	0.031089	5.9525	25.089	22.691	37.897	47.422	2706.9	-0.098786	undefined	undefined	supercritical
298.00	6090.0	32.182	0.031074	5.9540	25.128	22.664	37.909	47.426	2709.4	-0.098756	undefined	undefined	supercritical
298.00	6105.0	32.198	0.031058	5.9554	25.168	22.636	37.920	47.431	2711.9	-0.098725	undefined	undefined	supercritical
298.00	6120.0	32.214	0.031042	5.9568	25.207	22.609	37.931	47.436	2714.4	-0.098694	undefined	undefined	supercritical
298.00	6135.0	32.230	0.031027	5.9583	25.246	22.581	37.942	47.440	2716.9	-0.098664	undefined	undefined	supercritical
298.00	6150.0	32.246	0.031012	5.9597	25.285	22.554	37.954	47.445	2719.4	-0.098633	undefined	undefined	supercritical
298.00	6165.0	32.262	0.030996	5.9612	25.324	22.527	37.965	47.449	2721.8	-0.098602	undefined	undefined	supercritical
298.00	6180.0	32.278	0.030981	5.9627	25.363	22.499	37.976	47.454	2724.3	-0.098571	undefined	undefined	supercritical
298.00	6195.0	32.294	0.030966	5.9642	25.402	22.472	37.987	47.459	2726.8	-0.098541	undefined	undefined	supercritical
298.00	6210.0	32.310	0.030950	5.9656	25.440	22.445	37.998	47.463	2729.2	-0.098510	undefined	undefined	supercritical
298.00	6225.0	32.326	0.030935	5.9671	25.479	22.418	38.009	47.468	2731.7	-0.098479	undefined	undefined	supercritical
298.00	6240.0	32.342	0.030920	5.9687	25.518	22.391	38.020	47.472	2734.1	-0.098449	undefined	undefined	supercritical
298.00	6255.0	32.357	0.030905	5.9702	25.557	22.364	38.031	47.477	2736.6	-0.098418	undefined	undefined	supercritical
298.00	6270.0	32.373	0.030890	5.9717	25.596	22.337	38.042	47.482	2739.0	-0.098387	undefined	undefined	supercritical
298.00	6285.0	32.389	0.030875	5.9733	25.635	22.310	38.053	47.486	2741.5	-0.098357	undefined	undefined	supercritical
298.00	6300.0	32.405	0.030860	5.9748	25.674	22.283	38.064	47.491	2743.9	-0.098326	undefined	undefined	supercritical
298.00	6315.0	32.420	0.030845	5.9764	25.713	22.257	38.075	47.496	2746.3	-0.098296	undefined	undefined	supercritical
298.00	6330.0	32.436	0.030830	5.9779	25.752	22.230	38.086	47.500	2748.7	-0.098265	undefined	undefined	supercritical
298.00	6345.0	32.452	0.030815	5.9795	25.791	22.203	38.097	47.505	2751.2	-0.098234	undefined	undefined	supercritical
298.00	6360.0	32.467	0.030800	5.9811	25.830	22.177	38.108	47.510	2753.6	-0.098204	undefined	undefined	supercritical
298.00	6375.0	32.483	0.030786	5.9827	25.869	22.150	38.119	47.514	2756.0	-0.098173	undefined	undefined	supercritical
298.00	6390.0	32.498	0.030771	5.9843	25.907	22.123	38.130	47.519	2758.4	-0.098143	undefined	undefined	supercritical
298.00	6405.0	32.514	0.030756	5.9859	25.946	22.097	38.141	47.524	2760.8	-0.098112	undefined	undefined	supercritical
298.00	6420.0	32.529	0.030742	5.9875	25.985	22.070	38.152	47.528	2763.2	-0.098082	undefined	undefined	supercritical
298.00	6435.0	32.545	0.030727	5.9892	26.024	22.044	38.162	47.533	2765.6	-0.098051	undefined	undefined	supercritical
298.00	6450.0	32.560	0.030712	5.9908	26.063	22.018	38.173	47.538	2768.0	-0.098021	undefined	undefined	supercritical
298.00	6465.0	32.575	0.030698	5.9924	26.102	21.991	38.184	47.542	2770.4	-0.097990	undefined	undefined	supercritical
298.00	6480.0	32.591	0.030684	5.9941	26.140	21.965	38.195	47.547	2772.8	-0.097960	undefined	undefined	supercritical
298.00	6495.0	32.606	0.030669	5.9958	26.179	21.939	38.206	47.552	2775.2	-0.097929	undefined	undefined	supercritical
298.00	6510.0	32.621	0.030655	5.9974	26.218	21.913	38.216	47.556	2777.6	-0.097899	undefined	undefined	supercritical
298.00	6525.0	32.637	0.030640	5.9991	26.257	21.887	38.227	47.561	2779.9	-0.097868	undefined	undefined	supercritical
298.00	6540.0	32.652	0.030626	6.0008	26.296	21.860	38.238	47.566	2782.3	-0.097838	undefined	undefined	supercritical
298.00	6555.0	32.667	0.030612	6.0025	26.334	21.834	38.249	47.570	2784.7	-0.097807	undefined	undefined	supercritical
298.00	6570.0	32.682	0.030598	6.0042	26.373	21.808	38.259	47.575	2787.0	-0.097777	undefined	undefined	supercritical
298.00	6585.0	32.697	0.030583	6.0059	26.412	21.782	38.270	47.580	2789.4	-0.097746	undefined	undefined	supercritical
298.00	6600.0	32.713	0.030569	6.0077	26.451	21.757	38.281	47.584	2791.7	-0.097716	undefined	undefined	supercritical
298.00	6615.0	32.728	0.030555	6.0094	26.489	21.731	38.291	47.589	2794.1	-0.097686	undefined	undefined	supercritical
298.00	6630.0	32.743	0.030541	6.0111	26.528	21.705	38.302	47.594	2796.4	-0.097655	undefined	undefined	supercritical
298.00	6645.0	32.758	0.030527	6.0129	26.567	21.679	38.312	47.598	2798.8	-0.097625	undefined	undefined	supercritical
298.00	6660.0	32.773	0.030513	6.0146	26.606	21.653	38.323	47.603	2801.1	-0.097595	undefined	undefined	supercritical
298.00	6675.0	32.788	0.030499	6.0164	26.644	21.628	38.334	47.608	2803.5	-0.097564	undefined	undefined	supercritical
298.00	6690.0	32.803	0.030485	6.0182	26.683	21.602	38.344	47.612	2805.8	-0.097534	undefined	undefined	supercritical
298.00	6705.0	32.818	0.030471	6.0200	26.722	21.576	38.355	47.617	2808.1	-0.097504	undefined	undefined	supercritical
298.00	6720.0	32.833	0.030458	6.0218	26.760	21.551	38.365	47.622	2810.5	-0.097473	undefined	undefined	supercritical
298.00	6735.0	32.847	0.030444	6.0236	26.799	21.525	38.376	47.627	2812.8	-0.097443	undefined	undefined	supercritical
298.00	6750.0	32.862	0.030430	6.0254	26.838	21.500	38.386	47.631	2815.1	-0.097413	undefined	undefined	supercritical
298.00	6765.0	32.877	0.030416	6.0272	26.876	21.475	38.397	47.636	2817.4	-0.097383	undefined	undefined	supercritical
298.00	6780.0	32.892	0.030403	6.0290	26.915	21.449	38.407	47.641	2819.7	-0.097352	undefined	undefined	supercritical
298.00	6795.0	32.907	0.030389	6.0308	26.954	21.424	38.418	47.645	2822.0	-0.097322	undefined	undefined	supercritical
298.00	6810.0	32.921	0.030375	6.0327	26.992	21.398	38.428	47.650	2824.3	-0.097292	undefined	undefined	supercritical
298.00	6825.0	32.936	0.030362	6.0345	27.031	21.373	38.438	47.655	2826.6	-0.097262	undefined	undefined	supercritical
298.00	6840.0	32.951	0.030348	6.0364	27.070	21.348	38.449	47.659	2828.9	-0.097232	undefined	undefined	supercritical
298.00	6855.0	32.965	0.030335	6.0382	27.108	21.323	38.459	47.664	2831.2	-0.097202	undefined	undefined	supercritical
298.00	6870.0	32.980	0.030321	6.0401	27.147	21.298	38.469	47.669	2833.5	-0.097172	undefined	undefined	supercritical
298.00	6885.0	32.995	0.030308	6.0420	27.185	21.273	38.480	47.674	2835.8	-0.097141	undefined	undefined	supercritical
298.00	6900.0	33.009	0.030294	6.0439	27.224	21.248	38.490	47.678	2838.1	-0.097111	undefined	undefined	supercritical
298.00	6915.0	33.024	0.030281	6.0458	27.263	21.223	38.500	47.683	2840.4	-0.097081	undefined	undefined	supercritical
298.00	6930.0	33.038	0.030268	6.0477	27.301	21.198	38.511	47.688	2842.6	-0.097051	undefined	undefined	supercritical
298.00	6945.0	33.053	0.030255	6.0496	27.340	21.173	38.521	47.693	2844.9	-0.097021	undefined	undefined	supercritical
298.00	6960.0	33.067	0.030241	6.0515	27.378	21.148	38.531	47.697	2847.2	-0.096991	undefined	undefined	supercritical
298.00	6975.0	33.082	0.030228	6.0534	27.417	21.123	38.542	47.702	2849.4	-0.096961	undefined	undefined	supercritical
298.00	6990.0	33.096	0.030215	6.0553	27.455	21.098	38.552	47.707	2851.7	-0.096931	undefined	undefined	supercritical
298.00	7005.0	33.111	0.030202	6.0573	27.494	21.073	38.562	47.711	2854.0	-0.096901	undefined	undefined	supercritical
298.00	7020.0	33.125	0.030189	6.0592	27.532	21.049	38.572	47.716	2856.2	-0.096871	undefined	undefined	supercritical
298.00	7035.0	33.139	0.030176	6.0612	27.571	21.024	38.582	47.721	2858.5	-0.096841	undefined	undefined	supercritical
298.00	7050.0	33.154	0.030163	6.0631	27.609	20.999	38.593	47.726	2860.7	-0.096811	undefined	undefined	supercritical
298.00	7065.0	33.168	0.030150	6.0651	27.648	20.975	38.603	47.730	2863.0	-0.096781	undefined	undefined	supercritical
298.00	7080.0	33.182	0.030137	6.0671	27.686	20.950	38.613	47.735	2865.2	-0.096752	undefined	undefined	supercritical
298.00	7095.0	33.197	0.030124	6.0691	27.725	20.926	38.623	47.740	2867.4	-0.096722	undefined	undefined	supercritical
298.00	7110.0	33.211	0.030111	6.0710	27.763	20.901	38.633	47.745	2869.7	-0.096692	undefined	undefined	supercritical
298.00	7125.0	33.225	0.030098	6.0730	27.802	20.877	38.643	47.749	2871.9	-0.096662	undefined	undefined	supercritical
298.00	7140.0	33.239	0.030085	6.0750	27.840	20.852	38.653	47.754	2874.1	-0.096632	undefined	undefined	supercritical
298.00	7155.0	33.253	0.030072	6.0771	27.879	20.828	38.664	47.759	2876.4	-0.096602	undefined	undefined	supercritical
298.00	7170.0	33.267	0.030059	6.0791	27.917	20.803	38.674	47.764	2878.6	-0.096573	undefined	undefined	supercritical
298.00	7185.0	33.282	0.030047	6.0811	27.956	20.779	38.684	47.768	2880.8	-0.096543	undefined	undefined	supercritical
298.00	7200.0	33.296	0.030034	6.0831	27.994	20.755	38.694	47.773	2883.0	-0.096513	undefined	undefined	supercritical
298.00	7215.0	33.310	0.030021	6.0852	28.033	20.731	38.704	47.778	2885.2	-0.096483	undefined	undefined	supercritical
298.00	7230.0	33.324	0.030009	6.0872	28.071	20.706	38.714	47.783	2887.4	-0.096454	undefined	undefined	supercritical
298.00	7245.0	33.338	0.029996	6.0893	28.109	20.682	38.724	47.787	2889.7	-0.096424	undefined	undefined	supercritical
298.00	7260.0	33.352	0.029983	6.0913	28.148	20.658	38.734	47.792	2891.9	-0.096394	undefined	undefined	supercritical
298.00	7275.0	33.366	0.029971	6.0934	28.186	20.634	38.744	47.797	2894.1	-0.096365	undefined	undefined	supercritical
298.00	7290.0	33.380	0.029958	6.0955	28.224	20.610	38.754	47.802	2896.2	-0.096335	undefined	undefined	supercritical
298.00	7305.0	33.394	0.029946	6.0976	28.263	20.586	38.764	47.806	2898.4	-0.096305	undefined	undefined	supercritical
298.00	7320.0	33.407	0.029933	6.0996	28.301	20.562	38.773	47.811	2900.6	-0.096276	undefined	undefined	supercritical
298.00	7335.0	33.421	0.029921	6.1017	28.340	20.538	38.783	47.816	2902.8	-0.096246	undefined	undefined	supercritical
298.00	7350.0	33.435	0.029909	6.1038	28.378	20.514	38.793	47.821	2905.0	-0.096217	undefined	undefined	supercritical
298.00	7365.0	33.449	0.029896	6.1059	28.416	20.490	38.803	47.825	2907.2	-0.096187	undefined	undefined	supercritical
298.00	7380.0	33.463	0.029884	6.1081	28.455	20.467	38.813	47.830	2909.4	-0.096158	undefined	undefined	supercritical
298.00	7395.0	33.477	0.029872	6.1102	28.493	20.443	38.823	47.835	2911.5	-0.096128	undefined	undefined	supercritical
298.00	7410.0	33.490	0.029859	6.1123	28.531	20.419	38.833	47.840	2913.7	-0.096099	undefined	undefined	supercritical
298.00	7425.0	33.504	0.029847	6.1144	28.570	20.395	38.843	47.845	2915.9	-0.096069	undefined	undefined	supercritical
298.00	7440.0	33.518	0.029835	6.1166	28.608	20.372	38.852	47.849	2918.0	-0.096040	undefined	undefined	supercritical
298.00	7455.0	33.532	0.029823	6.1187	28.646	20.348	38.862	47.854	2920.2	-0.096010	undefined	undefined	supercritical
298.00	7470.0	33.545	0.029811	6.1209	28.684	20.324	38.872	47.859	2922.4	-0.095981	undefined	undefined	supercritical
298.00	7485.0	33.559	0.029798	6.1231	28.723	20.301	38.882	47.864	2924.5	-0.095952	undefined	undefined	supercritical
298.00	7500.0	33.572	0.029786	6.1252	28.761	20.277	38.891	47.868	2926.7	-0.095922	undefined	undefined	supercritical
298.00	7515.0	33.586	0.029774	6.1274	28.799	20.254	38.901	47.873	2928.8	-0.095893	undefined	undefined	supercritical
298.00	7530.0	33.600	0.029762	6.1296	28.837	20.230	38.911	47.878	2931.0	-0.095864	undefined	undefined	supercritical
298.00	7545.0	33.613	0.029750	6.1318	28.876	20.207	38.921	47.883	2933.1	-0.095834	undefined	undefined	supercritical
298.00	7560.0	33.627	0.029738	6.1340	28.914	20.184	38.930	47.887	2935.2	-0.095805	undefined	undefined	supercritical
298.00	7575.0	33.640	0.029726	6.1362	28.952	20.160	38.940	47.892	2937.4	-0.095776	undefined	undefined	supercritical
298.00	7590.0	33.654	0.029714	6.1384	28.990	20.137	38.950	47.897	2939.5	-0.095747	undefined	undefined	supercritical
298.00	7605.0	33.667	0.029702	6.1406	29.029	20.114	38.959	47.902	2941.6	-0.095717	undefined	undefined	supercritical
298.00	7620.0	33.681	0.029691	6.1428	29.067	20.090	38.969	47.907	2943.8	-0.095688	undefined	undefined	supercritical
298.00	7635.0	33.694	0.029679	6.1450	29.105	20.067	38.979	47.911	2945.9	-0.095659	undefined	undefined	supercritical
298.00	7650.0	33.708	0.029667	6.1473	29.143	20.044	38.988	47.916	2948.0	-0.095630	undefined	undefined	supercritical
298.00	7665.0	33.721	0.029655	6.1495	29.181	20.021	38.998	47.921	2950.1	-0.095601	undefined	undefined	supercritical
298.00	7680.0	33.734	0.029643	6.1517	29.220	19.998	39.008	47.926	2952.3	-0.095572	undefined	undefined	supercritical
298.00	7695.0	33.748	0.029632	6.1540	29.258	19.975	39.017	47.930	2954.4	-0.095543	undefined	undefined	supercritical
298.00	7710.0	33.761	0.029620	6.1562	29.296	19.952	39.027	47.935	2956.5	-0.095513	undefined	undefined	supercritical
298.00	7725.0	33.774	0.029608	6.1585	29.334	19.928	39.036	47.940	2958.6	-0.095484	undefined	undefined	supercritical
298.00	7740.0	33.788	0.029597	6.1608	29.372	19.906	39.046	47.945	2960.7	-0.095455	undefined	undefined	supercritical
298.00	7755.0	33.801	0.029585	6.1630	29.410	19.883	39.055	47.950	2962.8	-0.095426	undefined	undefined	supercritical
298.00	7770.0	33.814	0.029574	6.1653	29.448	19.860	39.065	47.954	2964.9	-0.095397	undefined	undefined	supercritical
298.00	7785.0	33.827	0.029562	6.1676	29.487	19.837	39.074	47.959	2967.0	-0.095368	undefined	undefined	supercritical
298.00	7800.0	33.840	0.029550	6.1699	29.525	19.814	39.084	47.964	2969.1	-0.095339	undefined	undefined	supercritical
298.00	7815.0	33.854	0.029539	6.1722	29.563	19.791	39.093	47.969	2971.2	-0.095311	undefined	undefined	supercritical
298.00	7830.0	33.867	0.029527	6.1745	29.601	19.768	39.103	47.974	2973.3	-0.095282	undefined	undefined	supercritical
298.00	7845.0	33.880	0.029516	6.1768	29.639	19.746	39.112	47.978	2975.3	-0.095253	undefined	undefined	supercritical
298.00	7860.0	33.893	0.029505	6.1791	29.677	19.723	39.122	47.983	2977.4	-0.095224	undefined	undefined	supercritical
298.00	7875.0	33.906	0.029493	6.1815	29.715	19.700	39.131	47.988	2979.5	-0.095195	undefined	undefined	supercritical
298.00	7890.0	33.919	0.029482	6.1838	29.753	19.677	39.141	47.993	2981.6	-0.095166	undefined	undefined	supercritical
298.00	7905.0	33.932	0.029470	6.1861	29.791	19.655	39.150	47.997	2983.7	-0.095137	undefined	undefined	supercritical
298.00	7920.0	33.945	0.029459	6.1885	29.829	19.632	39.160	48.002	2985.7	-0.095109	undefined	undefined	supercritical
298.00	7935.0	33.958	0.029448	6.1908	29.867	19.610	39.169	48.007	2987.8	-0.095080	undefined	undefined	supercritical
298.00	7950.0	33.971	0.029437	6.1932	29.905	19.587	39.178	48.012	2989.9	-0.095051	undefined	undefined	supercritical
298.00	7965.0	33.984	0.029425	6.1955	29.943	19.565	39.188	48.017	2991.9	-0.095022	undefined	undefined	supercritical
298.00	7980.0	33.997	0.029414	6.1979	29.981	19.542	39.197	48.021	2994.0	-0.094994	undefined	undefined	supercritical
298.00	7995.0	34.010	0.029403	6.2003	30.019	19.520	39.206	48.026	2996.0	-0.094965	undefined	undefined	supercritical
298.00	8010.0	34.023	0.029392	6.2026	30.057	19.497	39.216	48.031	2998.1	-0.094936	undefined	undefined	supercritical
298.00	8025.0	34.036	0.029381	6.2050	30.095	19.475	39.225	48.036	3000.1	-0.094908	undefined	undefined	supercritical
298.00	8040.0	34.049	0.029370	6.2074	30.133	19.453	39.234	48.041	3002.2	-0.094879	undefined	undefined	supercritical
298.00	8055.0	34.062	0.029358	6.2098	30.171	19.430	39.244	48.045	3004.2	-0.094851	undefined	undefined	supercritical
298.00	8070.0	34.075	0.029347	6.2122	30.209	19.408	39.253	48.050	3006.3	-0.094822	undefined	undefined	supercritical
298.00	8085.0	34.087	0.029336	6.2146	30.247	19.386	39.262	48.055	3008.3	-0.094793	undefined	undefined	supercritical
298.00	8100.0	34.100	0.029325	6.2170	30.285	19.364	39.272	48.060	3010.4	-0.094765	undefined	undefined	supercritical
298.00	8115.0	34.113	0.029314	6.2194	30.323	19.341	39.281	48.065	3012.4	-0.094736	undefined	undefined	supercritical
298.00	8130.0	34.126	0.029303	6.2218	30.361	19.319	39.290	48.069	3014.4	-0.094708	undefined	undefined	supercritical
298.00	8145.0	34.139	0.029292	6.2243	30.399	19.297	39.299	48.074	3016.5	-0.094679	undefined	undefined	supercritical
298.00	8160.0	34.151	0.029282	6.2267	30.437	19.275	39.309	48.079	3018.5	-0.094651	undefined	undefined	supercritical
298.00	8175.0	34.164	0.029271	6.2291	30.475	19.253	39.318	48.084	3020.5	-0.094623	undefined	undefined	supercritical
298.00	8190.0	34.177	0.029260	6.2316	30.513	19.231	39.327	48.089	3022.5	-0.094594	undefined	undefined	supercritical
298.00	8205.0	34.189	0.029249	6.2340	30.551	19.209	39.336	48.093	3024.6	-0.094566	undefined	undefined	supercritical
298.00	8220.0	34.202	0.029238	6.2365	30.589	19.187	39.345	48.098	3026.6	-0.094538	undefined	undefined	supercritical
298.00	8235.0	34.215	0.029227	6.2389	30.627	19.165	39.354	48.103	3028.6	-0.094509	undefined	undefined	supercritical
298.00	8250.0	34.227	0.029217	6.2414	30.664	19.143	39.364	48.108	3030.6	-0.094481	undefined	undefined	supercritical
298.00	8265.0	34.240	0.029206	6.2439	30.702	19.121	39.373	48.113	3032.6	-0.094453	undefined	undefined	supercritical
298.00	8280.0	34.252	0.029195	6.2464	30.740	19.099	39.382	48.117	3034.6	-0.094424	undefined	undefined	supercritical
298.00	8295.0	34.265	0.029184	6.2488	30.778	19.077	39.391	48.122	3036.6	-0.094396	undefined	undefined	supercritical
298.00	8310.0	34.277	0.029174	6.2513	30.816	19.056	39.400	48.127	3038.6	-0.094368	undefined	undefined	supercritical
298.00	8325.0	34.290	0.029163	6.2538	30.854	19.034	39.409	48.132	3040.6	-0.094340	undefined	undefined	supercritical
298.00	8340.0	34.303	0.029152	6.2563	30.892	19.012	39.418	48.137	3042.6	-0.094311	undefined	undefined	supercritical
298.00	8355.0	34.315	0.029142	6.2588	30.929	18.990	39.427	48.141	3044.6	-0.094283	undefined	undefined	supercritical
298.00	8370.0	34.327	0.029131	6.2613	30.967	18.969	39.436	48.146	3046.6	-0.094255	undefined	undefined	supercritical
298.00	8385.0	34.340	0.029121	6.2638	31.005	18.947	39.446	48.151	3048.6	-0.094227	undefined	undefined	supercritical
298.00	8400.0	34.352	0.029110	6.2663	31.043	18.925	39.455	48.156	3050.6	-0.094199	undefined	undefined	supercritical
298.00	8415.0	34.365	0.029100	6.2689	31.081	18.904	39.464	48.161	3052.6	-0.094171	undefined	undefined	supercritical
298.00	8430.0	34.377	0.029089	6.2714	31.118	18.882	39.473	48.165	3054.6	-0.094143	undefined	undefined	supercritical
298.00	8445.0	34.390	0.029079	6.2739	31.156	18.861	39.482	48.170	3056.5	-0.094115	undefined	undefined	supercritical
298.00	8460.0	34.402	0.029068	6.2765	31.194	18.839	39.491	48.175	3058.5	-0.094087	undefined	undefined	supercritical
298.00	8475.0	34.414	0.029058	6.2790	31.232	18.818	39.500	48.180	3060.5	-0.094059	undefined	undefined	supercritical
298.00	8490.0	34.427	0.029047	6.2816	31.269	18.796	39.509	48.185	3062.5	-0.094031	undefined	undefined	supercritical
298.00	8505.0	34.439	0.029037	6.2841	31.307	18.775	39.518	48.189	3064.4	-0.094003	undefined	undefined	supercritical
298.00	8520.0	34.451	0.029027	6.2867	31.345	18.753	39.527	48.194	3066.4	-0.093975	undefined	undefined	supercritical
298.00	8535.0	34.463	0.029016	6.2892	31.383	18.732	39.535	48.199	3068.4	-0.093947	undefined	undefined	supercritical
298.00	8550.0	34.476	0.029006	6.2918	31.420	18.711	39.544	48.204	3070.3	-0.093919	undefined	undefined	supercritical
298.00	8565.0	34.488	0.028996	6.2944	31.458	18.689	39.553	48.209	3072.3	-0.093891	undefined	undefined	supercritical
298.00	8580.0	34.500	0.028985	6.2970	31.496	18.668	39.562	48.214	3074.2	-0.093864	undefined	undefined	supercritical
298.00	8595.0	34.512	0.028975	6.2995	31.534	18.647	39.571	48.218	3076.2	-0.093836	undefined	undefined	supercritical
298.00	8610.0	34.525	0.028965	6.3021	31.571	18.625	39.580	48.223	3078.1	-0.093808	undefined	undefined	supercritical
298.00	8625.0	34.537	0.028955	6.3047	31.609	18.604	39.589	48.228	3080.1	-0.093780	undefined	undefined	supercritical
298.00	8640.0	34.549	0.028944	6.3073	31.647	18.583	39.598	48.233	3082.0	-0.093752	undefined	undefined	supercritical
298.00	8655.0	34.561	0.028934	6.3099	31.684	18.562	39.607	48.238	3084.0	-0.093725	undefined	undefined	supercritical
298.00	8670.0	34.573	0.028924	6.3125	31.722	18.541	39.616	48.242	3085.9	-0.093697	undefined	undefined	supercritical
298.00	8685.0	34.585	0.028914	6.3151	31.760	18.520	39.624	48.247	3087.9	-0.093669	undefined	undefined	supercritical
298.00	8700.0	34.597	0.028904	6.3178	31.797	18.499	39.633	48.252	3089.8	-0.093642	undefined	undefined	supercritical
298.00	8715.0	34.609	0.028894	6.3204	31.835	18.478	39.642	48.257	3091.7	-0.093614	undefined	undefined	supercritical
298.00	8730.0	34.622	0.028884	6.3230	31.873	18.457	39.651	48.262	3093.7	-0.093586	undefined	undefined	supercritical
298.00	8745.0	34.634	0.028874	6.3256	31.910	18.436	39.660	48.266	3095.6	-0.093559	undefined	undefined	supercritical
298.00	8760.0	34.646	0.028864	6.3283	31.948	18.415	39.668	48.271	3097.5	-0.093531	undefined	undefined	supercritical
298.00	8775.0	34.658	0.028854	6.3309	31.986	18.394	39.677	48.276	3099.5	-0.093504	undefined	undefined	supercritical
298.00	8790.0	34.670	0.028844	6.3336	32.023	18.373	39.686	48.281	3101.4	-0.093476	undefined	undefined	supercritical
298.00	8805.0	34.682	0.028834	6.3362	32.061	18.352	39.695	48.286	3103.3	-0.093449	undefined	undefined	supercritical
298.00	8820.0	34.694	0.028824	6.3389	32.098	18.331	39.704	48.290	3105.2	-0.093421	undefined	undefined	supercritical
298.00	8835.0	34.705	0.028814	6.3415	32.136	18.310	39.712	48.295	3107.1	-0.093394	undefined	undefined	supercritical
298.00	8850.0	34.717	0.028804	6.3442	32.174	18.289	39.721	48.300	3109.1	-0.093366	undefined	undefined	supercritical
298.00	8865.0	34.729	0.028794	6.3469	32.211	18.268	39.730	48.305	3111.0	-0.093339	undefined	undefined	supercritical
298.00	8880.0	34.741	0.028784	6.3496	32.249	18.248	39.739	48.310	3112.9	-0.093311	undefined	undefined	supercritical
298.00	8895.0	34.753	0.028774	6.3522	32.286	18.227	39.747	48.315	3114.8	-0.093284	undefined	undefined	supercritical
298.00	8910.0	34.765	0.028765	6.3549	32.324	18.206	39.756	48.319	3116.7	-0.093257	undefined	undefined	supercritical
298.00	8925.0	34.777	0.028755	6.3576	32.361	18.186	39.765	48.324	3118.6	-0.093229	undefined	undefined	supercritical
298.00	8940.0	34.789	0.028745	6.3603	32.399	18.165	39.773	48.329	3120.5	-0.093202	undefined	undefined	supercritical
298.00	8955.0	34.800	0.028735	6.3630	32.436	18.144	39.782	48.334	3122.4	-0.093175	undefined	undefined	supercritical
298.00	8970.0	34.812	0.028726	6.3657	32.474	18.124	39.791	48.339	3124.3	-0.093148	undefined	undefined	supercritical
298.00	8985.0	34.824	0.028716	6.3684	32.511	18.103	39.799	48.343	3126.2	-0.093120	undefined	undefined	supercritical
298.00	9000.0	34.836	0.028706	6.3711	32.549	18.083	39.808	48.348	3128.1	-0.093093	undefined	undefined	supercritical
